396
513
1035
650
389
722
919
851
390
919
1137
674
461
1301
887
483
587
3524
1960
1661
496
1416
1282
2037
513
1011
1772
1686
520
1856
1004
1372
1219
3553
1765
1735
1356
3086
4846
3300
1273
6128
2200
1724
1291
2917
2430
1326
5885
15064
12694
7155
3563
8719
50264
6519
3378
30304
6139
17856
3768
8029
7426
4852
29276
33582
46802
28419
26917
37112
41066
26226
27372
61362
31849
34267
31849
32088
54837
37866
61585
65926
70126
66880
63740
76766
76315
91058
64986
66623
95784
61353
56969
62171
62869
91891
