375
1224
846
648
438
688
1173
587
709
1456
1843
423
371
1026
1348
449
494
977
593
583
513
2099
2215
603
597
2432
2072
2116
556
1978
1790
791
1167
7136
7473
1539
2450
5960
6190
1533
1240
22456
5009
1537
1319
2404
8764
1728
7161
48944
19364
5339
4078
43531
16113
5245
2794
10915
24601
13686
3681
34197
57838
9560
30964
52782
39107
33800
28681
33796
36288
29267
30688
30729
36665
42326
26882
37794
32425
30386
64180
77809
70329
72309
57071
73211
69492
64868
57877
85019
80734
63651
56374
65984
78692
61451
