477
442
460
368
419
339
415
606
432
374
665
470
646
375
416
411
901
607
737
695
1633
574
1349
636
633
652
675
630
593
648
735
644
2895
2999
3258
2957
2954
4223
3398
4072
2927
4393
3370
3333
3001
3865
5251
3304
9514
13379
10461
10810
9385
10609
14269
10968
9426
11791
11277
11044
9347
9291
11838
11563
54807
62059
63480
53067
52092
52777
59040
54233
53476
62919
63097
60747
52311
56722
59858
58718
178351
212077
180698
206442
182255
194647
204338
185942
181406
189670
200715
201452
180637
200920
199026
184688
350
455
430
650
351
460
481
642
347
457
3855
550
403
787
421
392
533
1945
502
584
573
839
2030
634
601
866
606
527
608
1364
2252
624
1698
2598
1939
1922
1683
3049
2600
1947
1796
5124
2613
7350
1696
1719
2303
1788
5573
11040
7041
8529
5298
23053
8089
7230
5489
8708
10934
5006
5028
10754
8261
8047
30992
31939
33639
35081
32432
47683
35078
28071
28581
33040
35897
32508
28596
48785
38961
35554
89684
111746
95240
102004
101148
99537
127422
103592
90790
112137
108878
98589
95908
106523
103831
104462
396
513
1035
650
389
722
919
851
390
919
1137
674
461
1301
887
483
587
3524
1960
1661
496
1416
1282
2037
513
1011
1772
1686
520
1856
1004
1372
1219
3553
1765
1735
1356
3086
4846
3300
1273
6128
2200
1724
1291
2917
2430
1326
5885
15064
12694
7155
3563
8719
50264
6519
3378
30304
6139
17856
3768
8029
7426
4852
29276
33582
46802
28419
26917
37112
41066
26226
27372
61362
31849
34267
31849
32088
54837
37866
61585
65926
70126
66880
63740
76766
76315
81058
64986
66623
95784
61353
56969
72171
62869
61891
465
1642
1001
472
467
545
546
674
431
417
2053
732
657
428
685
452
602
783
6143
1477
617
815
3498
3630
558
1065
2469
2871
600
624
1080
619
3025
13004
10438
33360
2218
9601
5922
5414
2287
68472
51588
5017
2224
10210
46723
6044
8974
53475
46347
31781
2687
37689
53337
10830
3701
59195
61399
30993
4119
53048
54431
24124
25605
56146
91273
56840
40323
72545
67586
30390
29523
78167
91912
39250
29872
74049
61868
53323
54385
98216
130317
112148
56283
67841
92510
63708
55222
105016
79836
108061
56177
89391
111701
112469
939
912
5711
4884
735
3652
1430
1793
1493
512
3163
2744
893
783
3293
1597
4460
2570
5286
5315
3727
1982
2161
4075
3530
878
5781
6058
2352
1654
8757
884
7272
27279
24897
6210
10227
65074
5789
10989
2300
39179
47939
6335
5773
24312
32211
10632
11629
68440
92846
74598
27903
101900
64886
52100
10613
41230
83562
28900
10278
83749
76649
81023
30084
61995
82082
79526
40009
100242
93568
66408
38143
54586
64136
51024
31669
84759
86251
51530
79514
88511
132419
97608
77514
101104
124913
100964
78941
92104
87149
110967
78401
81021
136120
93881
554
930
3146
4329
1625
1145
2858
3063
2542
791
4283
926
2337
1727
3289
3374
788
5189
6286
5462
2501
4425
1657
6144
2624
6818
11126
5189
2304
2509
3753
1487
3847
67665
27148
10760
5291
56285
85221
6092
9607
53536
79570
7805
2332
58894
71711
14009
59047
79824
78301
57193
19315
74326
75803
80987
17704
73101
97741
52294
16557
82597
80992
65254
52239
103768
104335
63235
54741
105267
107980
78032
74764
103561
112419
61586
50635
104543
106435
76242
87077
101499
138183
92143
59660
109719
113581
112807
56851
113921
109260
74833
68860
122085
112519
87281
