//#rank wtime utime stime mtime pcomm gbyte gflop bytes_tx bytes_rx
6 99.7690640022622 96.3951569384558 90.880759429739 100 100 0 = =
4 99.7690640022622 94.701238008917 100 99.6699886198061 100 0 = =
10 99.8341031199925 96.9436949562794 85.1540439404027 99.6056100510328 100 0 = =
8 99.8444716749929 94.6504183453746 99.2194494823113 99.0324698723965 100 0 = =
14 99.7832029408992 99.0476290269344 75.9188686608967 98.6739723998251 100 0 = =
12 99.7832029408992 96.4678762095866 87.9089281204803 98.6497592213042 100 0 = =
7 99.7794325572627 96.9069161894683 87.7924194770311 98.5561824078439 100 0 = =
0 99.9990574040909 98.1897721497765 83.6181960100094 98.5036255674074 100 0 = =
5 99.7794325572627 96.2987567519424 92.8097522899975 98.3958057077583 100 0 = =
11 99.8444716749929 96.968842831022 86.9785807754999 98.0877286186951 100 0 = =
9 99.8350457159016 98.5701337552588 79.6236139488969 97.8145469927944 100 0 = =
15 99.7841455368084 98.4926992576138 80.4139213480567 97.5282617644001 100 0 = =
2 100 100 72.284717280011 97.4580435466894 100 0 = =
13 99.7841455368084 98.9279670562841 77.8530269289928 97.1479724311598 100 0 = =
1 100 98.6418051982753 79.5719598705204 96.9854592741459 100 0 = =
3 99.9990574040909 99.3930979562113 76.1059712114603 96.8307797925358 100 0 = =


