csews3 csews4 csews5 csews6 csews7 csews9 csews10 csews11 csews12 csews13 csews14 csews15 csews16 csews17 csews18 csews19 csews22 csews24 csews27 csews28 csews29 csews32 csews33 csews37 csews38 csews40 
Number of hosts: 26
Read Node Data
Read latency Data
Read bw Data
Read Topology Data
done
Process and Cpu Count
 12,12 10,12 12,12 10,12 12,12 10,12 12,12 12,12 12,12 12,12 11,12 12,12 6,12 6,12 12,12 10,12 12,12 11,12 12,12 8,12 8,12 12,12 8,8 8,8 4,4 4,4 
MAX BW : 117Bandwidth Data :
csews3   0 14 11 10 12 12 11 13 12 87 15 11 11 106 101 98 67 78 93 21 108 98 68 35 52 13 
csews4   14 0 13 11 12 11 10 10 10 96 17 10 11 103 103 103 99 100 107 97 106 90 87 63 41 63 
csews5   11 13 0 14 12 11 11 12 13 63 11 12 10 82 99 104 103 95 98 100 107 95 43 84 53 63 
csews6   10 11 14 0 10 11 11 11 11 91 12 11 13 92 104 105 109 101 102 96 109 90 99 95 79 62 
csews7   12 12 12 10 0 12 11 11 11 75 11 10 12 98 90 101 103 104 101 103 107 97 94 101 60 16 
csews9   12 11 11 11 12 0 12 13 10 95 11 11 13 84 99 89 103 104 101 107 109 94 102 100 89 62 
csews10   11 10 11 11 11 12 0 13 10 67 11 13 13 49 77 86 99 105 99 100 109 106 104 104 101 99 
csews11   13 10 12 11 11 13 13 0 10 64 13 13 12 79 88 72 94 93 103 105 110 105 105 105 102 101 
csews12   12 10 13 11 11 10 10 10 0 77 12 11 11 50 96 91 94 87 100 101 109 107 104 104 102 104 
csews13   87 96 63 91 75 95 67 64 77 0 79 69 90 11 11 13 94 11 10 11 106 11 92 37 36 59 
csews14   15 17 11 12 11 11 11 13 12 79 0 10 12 79 68 83 87 86 65 61 106 89 106 107 104 104 
csews15   11 10 12 11 10 11 13 13 11 69 10 0 10 56 84 69 96 87 92 69 106 95 70 104 107 107 
csews16   11 11 10 13 12 13 13 12 11 90 12 10 0 80 65 59 68 82 29 15 106 75 93 101 62 107 
csews17   106 103 82 92 98 84 49 79 50 11 79 56 80 0 11 13 76 13 10 10 106 13 88 86 88 62 
csews18   101 103 99 104 90 99 77 88 96 11 68 84 65 11 0 11 26 13 10 13 106 11 72 90 87 87 
csews19   98 103 104 105 101 89 86 72 91 13 83 69 59 13 11 0 80 13 12 11 106 12 85 57 87 72 
csews22   67 99 103 109 103 103 99 94 94 94 87 96 68 76 26 80 0 72 47 52 109 19 53 85 34 83 
csews24   78 100 95 101 104 104 105 93 87 11 86 87 82 13 13 13 72 0 12 17 106 10 81 62 87 76 
csews27   93 107 98 102 101 101 99 103 100 10 65 92 29 10 10 12 47 12 0 13 107 12 66 77 53 98 
csews28   21 97 100 96 103 107 100 105 101 11 61 69 15 10 13 11 52 17 13 0 106 12 70 94 70 63 
csews29   108 106 107 109 107 109 109 110 109 106 106 106 106 106 106 106 109 106 107 106 0 106 108 106 106 109 
csews32   98 90 95 90 97 94 106 105 107 11 89 95 75 13 11 12 19 10 12 12 106 0 81 78 13 23 
csews33   68 87 43 99 94 102 104 105 104 92 106 70 93 88 72 85 53 81 66 70 108 81 0 15 14 13 
csews37   35 63 84 95 101 100 104 105 104 37 107 104 101 86 90 57 85 62 77 94 106 78 15 0 13 16 
csews38   52 41 53 79 60 89 101 102 102 36 104 107 62 88 87 87 34 87 53 70 106 13 14 13 0 13 
csews40   13 63 63 62 16 62 99 101 104 59 104 107 107 62 87 72 83 76 98 63 109 23 13 16 13 0 
Latency Data :
0 130 113 115 113 117 113 121 0 133 0 116 0 144 135 135 254 0 136 136 293 0 154 156 155 114 
130 0 120 113 115 118 119 120 0 145 0 117 0 145 139 136 138 0 143 139 151 0 158 171 152 0 
113 120 0 130 113 117 112 118 0 134 0 120 0 145 136 144 135 0 136 137 150 0 162 156 155 0 
115 113 130 0 112 116 112 118 0 135 0 117 0 148 135 138 135 0 136 139 151 0 307 156 153 0 
113 115 113 112 0 115 112 120 0 135 0 116 0 147 138 136 135 0 255 139 149 0 155 170 156 0 
117 118 117 116 115 0 115 125 0 140 0 122 0 160 152 150 150 0 147 150 277 0 172 170 166 0 
113 119 112 112 112 115 0 121 0 135 0 117 0 148 137 138 136 0 135 136 147 0 155 158 161 0 
121 120 118 118 120 125 121 0 0 147 0 130 0 154 148 147 148 0 142 145 152 0 163 165 165 115 
0 0 0 0 0 0 0 0 0 0 0 0 0 0 0 0 0 0 0 0 0 0 0 0 0 0 
133 145 134 135 135 140 135 147 0 0 0 144 0 118 112 112 134 0 113 113 124 0 157 155 152 144 
0 0 0 0 0 0 0 0 0 0 0 0 0 0 0 0 0 0 0 0 0 0 0 0 0 0 
116 117 120 117 116 122 117 130 0 144 0 0 0 158 147 145 146 0 140 143 152 0 160 163 159 122 
0 0 0 0 0 0 0 0 0 0 0 0 0 0 0 0 0 0 0 0 0 0 0 0 0 0 
144 145 145 148 147 160 148 154 0 118 0 158 0 0 121 122 149 0 117 118 129 0 162 172 162 142 
135 139 136 135 138 152 137 148 0 112 0 147 0 121 0 112 138 0 112 112 122 0 161 159 157 144 
135 136 144 138 136 150 138 147 0 112 0 145 0 122 112 0 137 0 112 112 123 0 155 158 154 140 
254 138 135 135 135 150 136 148 0 134 0 146 0 149 138 137 0 0 137 138 151 0 158 165 156 143 
0 0 0 0 0 0 0 0 0 0 0 0 0 0 0 0 0 0 0 0 0 0 0 0 0 0 
136 143 136 136 255 147 135 142 0 113 0 140 0 117 112 112 137 0 0 113 127 0 157 158 157 144 
136 139 137 139 139 150 136 145 0 113 0 143 0 118 112 112 138 0 113 0 128 0 160 158 159 144 
293 151 150 151 149 277 147 152 0 124 0 152 0 129 122 123 151 0 127 128 0 0 171 176 171 153 
0 0 0 0 0 0 0 0 0 0 0 0 0 0 0 0 0 0 0 0 0 0 0 0 0 0 
154 158 162 307 155 172 155 163 0 157 0 160 0 162 161 155 158 0 157 160 171 0 0 133 131 159 
156 171 156 156 170 170 158 165 0 155 0 163 0 172 159 158 165 0 158 158 176 0 133 0 130 160 
155 152 155 153 156 166 161 165 0 152 0 159 0 162 157 154 156 0 157 159 171 0 131 130 0 164 
114 0 0 0 0 0 0 115 0 144 0 122 0 142 144 140 143 0 144 144 153 0 159 160 164 0 
Topology Data :
0 155 134 0 0 140 136 0 0 175 0 128 142 137 0 161 154 0 151 135 299 179 0 161 0 155 
193 0 191 194 0 172 180 0 179 226 0 192 175 223 0 259 259 231 214 218 541 238 0 234 0 224 
139 183 0 137 0 131 137 0 130 167 0 132 124 165 0 169 161 162 197 153 367 189 0 169 0 170 
128 167 138 0 0 132 132 0 141 235 0 145 130 176 0 162 192 168 156 155 679 182 0 196 0 161 
0 0 0 0 0 0 0 0 0 0 0 0 0 0 0 0 0 0 0 0 0 0 0 0 0 0 
127 149 131 131 0 0 122 0 123 168 0 125 114 159 0 154 152 194 153 152 471 160 0 162 0 157 
137 191 136 163 0 123 0 0 135 166 0 135 129 164 0 179 160 150 188 149 373 167 0 178 0 166 
0 0 0 0 0 0 0 0 0 0 0 0 0 0 0 0 0 0 0 0 0 0 0 0 0 0 
0 0 0 0 0 0 0 0 0 0 0 0 0 0 0 0 0 0 0 0 0 0 0 0 0 0 
163 226 179 173 0 155 158 0 239 0 0 157 166 118 0 132 169 120 121 121 420 141 0 169 0 164 
0 0 0 0 0 0 0 0 0 0 0 0 0 0 0 0 0 0 0 0 0 0 0 0 0 0 
138 164 136 140 0 129 142 0 140 201 0 0 131 168 0 166 168 158 162 169 435 185 0 174 0 183 
124 161 131 139 0 113 121 0 132 184 0 123 0 153 0 150 147 149 141 145 620 176 0 171 0 154 
149 259 177 169 0 154 155 0 158 125 0 152 147 0 0 124 153 115 114 112 531 132 0 163 0 156 
0 0 0 0 0 0 0 0 0 0 0 0 0 0 0 0 0 0 0 0 0 0 0 0 0 0 
165 195 183 173 0 163 169 0 200 136 0 192 157 126 0 0 177 125 124 133 395 153 0 182 0 168 
162 213 178 171 0 154 170 0 178 182 0 164 151 157 0 168 0 153 153 164 381 172 0 174 0 169 
378 193 166 167 0 167 162 0 192 123 0 155 150 114 0 125 153 0 119 114 514 129 0 164 0 155 
152 203 177 203 0 141 150 0 151 123 0 174 176 115 0 124 152 113 0 115 626 131 0 161 0 164 
150 191 163 184 0 143 158 0 174 124 0 148 135 112 0 124 151 122 117 0 644 125 0 158 0 171 
338 730 478 639 0 631 463 0 550 350 0 364 412 463 0 576 564 365 312 341 0 463 0 428 0 352 
148 241 175 176 0 196 228 0 170 150 0 210 180 133 0 148 176 134 141 138 451 0 0 191 0 170 
0 0 0 0 0 0 0 0 0 0 0 0 0 0 0 0 0 0 0 0 0 0 0 0 0 0 
177 223 176 182 0 163 172 0 178 178 0 170 159 160 0 174 173 160 165 162 507 210 0 0 0 127 
0 0 0 0 0 0 0 0 0 0 0 0 0 0 0 0 0 0 0 0 0 0 0 0 0 0 
168 177 171 163 0 153 161 0 0 172 0 158 153 155 0 160 165 151 151 152 294 202 0 127 0 0 
Node Data :
band_10 :0 :0 :0 :0 :0 :0 :0 :0 :0 :0 :4 :2 :2 :0 :0 :0 :4 :3 :0 :0 :0 :7 :0 :0 :4 :0 
band_150 :2 :2 :2 :2 :2 :2 :2 :0 :2 :2 :2 :2 :2 :2 :1 :2 :2 :2 :2 :2 :2 :2 :2 :0 :2 :2 
band_50 :2 :2 :2 :2 :2 :2 :2 :0 :2 :2 :3 :2 :2 :2 :1 :2 :2 :3 :2 :1 :2 :2 :2 :0 :2 :2 
corecount :0 :0 :0 :0 :0 :0 :0 :0 :0 :0 :0 :0 :0 :0 :0 :0 :0 :0 :0 :0 :0 :0 :2 :2 :2 :2 
cpucount :0 :0 :0 :0 :0 :0 :0 :0 :0 :0 :0 :0 :0 :0 :0 :0 :0 :0 :0 :0 :0 :0 :4 :4 :8 :8 
cpufreqcurrent :3585 :106 :3607 :43 :3415 :104 :3605 :3590 :38 :3606 :3529 :3606 :641 :776 :3606 :46 :0 :3595 :1048 :453 :817 :15 :2810 :2810 :1606 :1606 
cpufreqmax :0 :0 :0 :0 :0 :0 :0 :0 :0 :0 :0 :0 :0 :0 :0 :0 :0 :0 :0 :0 :0 :0 :1807 :1806 :4600 :4600 
cpufreqmin :796 :796 :796 :796 :796 :796 :796 :796 :796 :796 :796 :796 :796 :796 :796 :796 :796 :796 :796 :796 :796 :796 :0 :0 :1596 :1596 
load_1 :0.0658333 :0.216667 :0.0525 :0.215833 :0.0408333 :0.213333 :0.0525 :0.02 :0.0833333 :0.0425 :0.095 :0.0616667 :0.525833 :0.555833 :0.0308333 :0.221667 :0.0833333 :0.110833 :0.0458333 :0.375833 :8.45417 :0.0858333 :0.07125 :0.01875 :0.2 :0.14 
load_15 :0.1025 :0.22 :0.0475 :0.213333 :0.0516667 :0.186667 :0.0416667 :0.0591667 :0.0833333 :0.0408333 :0.0775 :0.0558333 :0.513333 :0.549167 :0.0475 :0.255 :0.0608333 :0.0858333 :0.0458333 :0.393333 :8.35833 :0.0675 :0.0625 :0.06 :0.16 :0.13 
load_5 :0.0791667 :0.216667 :0.0525 :0.215 :0.0491667 :0.196667 :0.0466667 :0.0475 :0.0825 :0.045 :0.0808333 :0.0575 :0.5175 :0.553333 :0.0475 :0.240833 :0.0625 :0.0883333 :0.0475 :0.391667 :8.315 :0.0675 :0.0725 :0.03625 :0.165 :0.145 
memory :49152 :40960 :45056 :40960 :40960 :0 :40960 :40960 :40960 :40960 :40960 :40960 :40960 :49152 :0 :40960 :0 :40960 :36864 :40960 :40960 :40960 :8.28849e+09 :8.2887e+09 :8.28738e+09 :8.28833e+09 
memory_10 :1712 :9537 :2677 :4880 :1295 :2521 :131 :3288 :0 :1842 :163 :96 :265 :13826 :51 :6701 :2579 :3709 :1301 :3831 :13532 :172 :9529 :8401 :8192 :9819 
memory_150 :1695 :9528 :2667 :4873 :1294 :2512 :125 :3289 :0 :1835 :155 :89 :263 :13826 :54 :6698 :2571 :3698 :1294 :3911 :13521 :164 :9546 :8399 :8186 :9813 
memory_50 :1707 :9531 :2671 :4875 :1295 :2516 :126 :3285 :0 :1837 :156 :90 :262 :13828 :53 :6703 :2573 :3701 :1295 :3902 :13526 :165 :9524 :8397 :8187 :9814 
node :3 :4 :5 :6 :7 :9 :10 :11 :12 :13 :14 :15 :16 :17 :18 :19 :22 :24 :27 :28 :29 :32 :33 :37 :38 :40 
nodeusers :21 :16 :14 :17 :0 :18 :22 :22 :23 :21 :23 :23 :23 :17 :23 :20 :21 :20 :22 :20 :13 :23 :20 :23 :23 :22 
processcount :4 :4 :4 :4 :4 :4 :4 :4 :4 :4 :4 :4 :4 :4 :4 :4 :4 :4 :4 :4 :4 :4 :4 :4 :4 :4 
util_10 :5 :22 :5 :22 :3 :19 :5 :1 :3 :4 :10 :6 :50 :55 :0 :22 :8 :11 :5 :35 :99 :8 :6 :0 :17 :14 
util_150 :4 :21 :3 :20 :4 :18 :3 :5 :7 :3 :7 :4 :50 :54 :3 :23 :4 :8 :3 :37 :99 :5 :5 :5 :12 :11 
util_50 :4 :21 :4 :21 :4 :19 :4 :1 :7 :4 :7 :4 :49 :54 :3 :23 :5 :8 :4 :37 :99 :6 :5 :0 :14 :12 

Compute Load
0::3.26186  1::13.5219  2::3.37037  3::11.2997  4::2.10968  5::9.28632  6::2.11646  7::2.37933  8::2.1545  9::2.58522  10::15.991  11::8.51244  12::27.1215  13::29.2956  14::0.703995  15::12.4358  16::16.394  17::15.1073  18::2.61918  19::16.831  20::175.397  21::24.3218  22::7.18304  23::4.44729  24::23.0967  25::10.4572  
Normalised Compute Load
0::0.00737978  1::0.0305926  2::0.00762528  3::0.0255649  4::0.00477302  5::0.0210098  6::0.00478837  7::0.0053831  8::0.00487444  9::0.0058489  10::0.0361787  11::0.0192589  12::0.0613609  13::0.0662797  14::0.00159275  15::0.0281352  16::0.0370905  17::0.0341795  18::0.00592574  19::0.0380792  20::0.396825  21::0.0550268  22::0.0162512  23::0.0100617  24::0.052255  25::0.0236588  
Normalised Network Load :
0 :: 0 0.0219978 0.0184137 0.0180168 0.0190187 0.019435 0.0184137 0.0204562 0.00726016 0.0664759 0.00907519 0.0187259 0.00665514 0.0791158 0.0751542 0.0733391 0.0669667 0.047191 0.0704181 0.0268572 0.0958305 0.0592913 0.0571659 0.0374085 0.0475897 0.0197278 
0 :: 0 0.0121003 0.00950735 0.00864304 0.0103717 0.0103717 0.00950735 0.011236 0.0103717 0.0751945 0.0129646 0.00950735 0.00950735 0.0916162 0.0872947 0.0847018 0.0579084 0.0674157 0.0803803 0.0181504 0.0933449 0.0847018 0.0587727 0.0302506 0.0449438 0.011236 
0 :: 0 0.0450919 0.0391953 0.039889 0.0391953 0.0405827 0.0391953 0.0419702 0 0.0461325 0 0.0402359 0 0.049948 0.0468262 0.0468262 0.0881027 0 0.0471731 0.0471731 0.10163 0 0.0534166 0.0541103 0.0537634 0.0395421 
1 :: 0.0222466 0 0.0205742 0.0187473 0.0194856 0.0193312 0.0189433 0.0190601 0.00504686 0.0653826 0.00857967 0.0187098 0.00555155 0.0689154 0.0682147 0.0678644 0.0660792 0.0504686 0.0707005 0.0651866 0.0711301 0.0454218 0.0623585 0.0517641 0.0384422 0.0317952 
1 :: 0.0100937 0 0.00937275 0.00793079 0.00865177 0.00793079 0.00720981 0.00720981 0.00720981 0.0692141 0.0122567 0.00720981 0.00793079 0.074261 0.074261 0.074261 0.0713771 0.0720981 0.0771449 0.0699351 0.0764239 0.0648882 0.0627253 0.0454218 0.0295602 0.0454218 
1 :: 0.0506033 0 0.0467108 0.043986 0.0447645 0.0459323 0.0463215 0.0467108 0 0.0564422 0 0.045543 0 0.0564422 0.0541067 0.0529389 0.0537174 0 0.0556637 0.0541067 0.0587777 0 0.0615025 0.0665629 0.059167 0 
2 :: 0.0192211 0.0211116 0 0.0228266 0.0197518 0.0196948 0.0191027 0.020344 0.00689917 0.0493049 0.00583776 0.0205809 0.00530705 0.0606911 0.0686472 0.0722482 0.0706516 0.050417 0.0681165 0.0692963 0.0745509 0.050417 0.0420071 0.0630553 0.046485 0.0334344 
2 :: 0.00833965 0.00985595 0 0.0106141 0.0090978 0.00833965 0.00833965 0.0090978 0.00985595 0.0477635 0.00833965 0.0090978 0.0075815 0.0621683 0.0750569 0.0788476 0.0780895 0.0720243 0.0742987 0.075815 0.0811221 0.0720243 0.0326005 0.0636846 0.040182 0.0477635 
2 :: 0.0446111 0.0473747 0 0.0513225 0.0446111 0.0461903 0.0442163 0.0465851 0 0.0529017 0 0.0473747 0 0.0572444 0.0536913 0.0568496 0.0532965 0 0.0536913 0.0540861 0.0592183 0 0.0639558 0.0615871 0.0611923 0 
3 :: 0.0177385 0.0179933 0.0213456 0 0.017401 0.0183309 0.0178807 0.0185559 0.00527759 0.0588513 0.00575737 0.0184434 0.00623715 0.060794 0.0650885 0.0659059 0.0674874 0.0484578 0.0642415 0.0617004 0.0692878 0.0431803 0.0820444 0.0631336 0.0551195 0.0297464 
3 :: 0.00685401 0.00753941 0.00959561 0 0.00685401 0.00753941 0.00753941 0.00753941 0.00753941 0.0623715 0.00822481 0.00753941 0.00891021 0.0630569 0.0712817 0.0719671 0.0747087 0.0692255 0.0699109 0.0657985 0.0747087 0.0616861 0.0678547 0.0651131 0.0541467 0.0424949 
3 :: 0.0431358 0.0423856 0.0487622 0 0.0420105 0.0435109 0.0420105 0.0442611 0 0.0506377 0 0.043886 0 0.0555139 0.0506377 0.0517629 0.0506377 0 0.0510128 0.052138 0.0566392 0 0.115154 0.0585146 0.0573893 0 
4 :: 0.0189984 0.0192264 0.0189984 0.0178654 0 0.0192264 0.0183749 0.0192871 0.00560408 0.053603 0.00560408 0.0183215 0.00611354 0.0666889 0.061587 0.066963 0.0678679 0.052984 0.080532 0.068324 0.0715021 0.0494178 0.0655633 0.0708399 0.0483556 0.00815138 
4 :: 0.00873362 0.00873362 0.00873362 0.00727802 0 0.00873362 0.00800582 0.00800582 0.00800582 0.0545852 0.00800582 0.00727802 0.00873362 0.0713246 0.0655022 0.073508 0.0749636 0.0756914 0.073508 0.0749636 0.0778748 0.0705968 0.0684134 0.073508 0.0436681 0.0116448 
4 :: 0.0429494 0.0437096 0.0429494 0.0425694 0 0.0437096 0.0425694 0.04561 0 0.0513113 0 0.0440897 0 0.0558723 0.0524515 0.0516914 0.0513113 0 0.0969213 0.0528316 0.0566325 0 0.058913 0.0646142 0.059293 0 
5 :: 0.0183642 0.0179944 0.0178864 0.0177785 0.0181483 0 0.0181483 0.0197057 0.00477816 0.0605058 0.00525597 0.0184262 0.0062116 0.0574089 0.0637125 0.0587185 0.0654079 0.0496928 0.0641284 0.0673192 0.0819848 0.0449147 0.067305 0.0661335 0.0604457 0.0296246 
5 :: 0.00819113 0.00750853 0.00750853 0.00750853 0.00819113 0 0.00819113 0.00887372 0.00682594 0.0648464 0.00750853 0.00750853 0.00887372 0.0573379 0.0675768 0.0607509 0.0703072 0.0709898 0.068942 0.0730375 0.0744027 0.0641638 0.0696246 0.0682594 0.0607509 0.0423208 
5 :: 0.0421015 0.0424613 0.0421015 0.0417416 0.0413818 0 0.0413818 0.0449802 0 0.0503778 0 0.0439007 0 0.0575747 0.0546959 0.0539763 0.0539763 0 0.0528967 0.0539763 0.0996761 0 0.0618928 0.0611731 0.0597337 0 
6 :: 0.018903 0.0191318 0.0187833 0.0187833 0.0187833 0.0196315 0 0.0208386 0.00489168 0.0489291 0.00538085 0.02036 0.00635919 0.0416797 0.0540601 0.0585822 0.0647021 0.0513627 0.0645824 0.0651913 0.0709101 0.0518519 0.0694216 0.0697806 0.0686721 0.0484277 
6 :: 0.00768693 0.00698812 0.00768693 0.00768693 0.00768693 0.00838574 0 0.00908456 0.00698812 0.0468204 0.00768693 0.00908456 0.00908456 0.0342418 0.0538085 0.0600978 0.0691824 0.0733753 0.0691824 0.0698812 0.0761705 0.0740741 0.0726765 0.0726765 0.07058 0.0691824 
6 :: 0.0450738 0.0474671 0.0446749 0.0446749 0.0446749 0.0458716 0 0.0482649 0 0.0538492 0 0.0466693 0 0.0590347 0.054647 0.0550459 0.0542481 0 0.0538492 0.0542481 0.0586358 0 0.0618269 0.0630235 0.0642202 0 
7 :: 0.0193789 0.017829 0.0185728 0.0180924 0.0183094 0.019813 0.0193789 0 0.00480439 0.0467033 0.00624571 0.0203557 0.00576527 0.0546696 0.0583423 0.0505468 0.061225 0.0446809 0.0648977 0.0661842 0.0693461 0.0504461 0.0681379 0.0683549 0.0669136 0.0610063 
7 :: 0.00892244 0.00686342 0.0082361 0.00754976 0.00754976 0.00892244 0.00892244 0 0.00686342 0.0439259 0.00892244 0.00892244 0.0082361 0.054221 0.0603981 0.0494166 0.0645161 0.0638298 0.0706932 0.0720659 0.0754976 0.0720659 0.0720659 0.0720659 0.0700069 0.0693205 
7 :: 0.0437771 0.0434153 0.0426918 0.0426918 0.0434153 0.0452243 0.0437771 0 0 0.0531838 0 0.0470333 0 0.0557164 0.0535456 0.0531838 0.0535456 0 0.0513748 0.0524602 0.0549928 0 0.0589725 0.0596961 0.0596961 0.0416064 
8 :: 0.00580511 0.0048376 0.00628887 0.00532135 0.00532135 0.0048376 0.0048376 0.0048376 0 0.0372495 0.00580511 0.00532135 0.00532135 0.024188 0.0464409 0.0440221 0.0454734 0.0420871 0.048376 0.0488597 0.0527298 0.0517623 0.050311 0.050311 0.0493435 0.050311 
8 :: 0.00829302 0.00691085 0.00898411 0.00760194 0.00760194 0.00691085 0.00691085 0.00691085 0 0.0532135 0.00829302 0.00760194 0.00760194 0.0345543 0.0663442 0.0628887 0.064962 0.0601244 0.0691085 0.0697996 0.0753283 0.0739461 0.0718728 0.0718728 0.0704907 0.0718728 
8 :: 0 0 0 0 0 0 0 0 0 0 0 0 0 0 0 0 0 0 0 0 0 0 0 0 0 0 
9 :: 0.0567326 0.0624048 0.0452981 0.0588807 0.0511831 0.0613644 0.0473343 0.0472333 0.0370447 0 0.0380069 0.0493033 0.043299 0.0184912 0.0178201 0.0187823 0.0602122 0.0052921 0.0174508 0.0179319 0.0648668 0.0052921 0.0618227 0.0351385 0.0343218 0.0444923 
9 :: 0.0597938 0.0659794 0.043299 0.062543 0.0515464 0.0652921 0.0460481 0.0439863 0.052921 0 0.0542955 0.0474227 0.0618557 0.00756014 0.00756014 0.00893471 0.0646048 0.00756014 0.00687285 0.00756014 0.0728522 0.00756014 0.0632302 0.0254296 0.0247423 0.0405498 
9 :: 0.0495899 0.0540641 0.0499627 0.0503356 0.0503356 0.0521999 0.0503356 0.0548098 0 0 0 0.0536913 0 0.043997 0.0417599 0.0417599 0.0499627 0 0.0421327 0.0421327 0.0462342 0 0.0585384 0.0577927 0.0566741 0.0536913 
10 :: 0.00772627 0.00875644 0.00566593 0.00618102 0.00566593 0.00566593 0.00566593 0.0066961 0.00618102 0.0406917 0 0.00515085 0.00618102 0.0406917 0.0350258 0.042752 0.0448124 0.0442973 0.0334805 0.0314202 0.054599 0.0458425 0.054599 0.0551141 0.0535688 0.0535688 
10 :: 0.0110375 0.0125092 0.00809419 0.00883002 0.00809419 0.00809419 0.00809419 0.00956586 0.00883002 0.058131 0 0.00735835 0.00883002 0.058131 0.0500368 0.0610743 0.0640177 0.0632818 0.0478293 0.0448859 0.0779985 0.0654893 0.0779985 0.0787344 0.0765269 0.0765269 
10 :: 0 0 0 0 0 0 0 0 0 0 0 0 0 0 0 0 0 0 0 0 0 0 0 0 0 0 
11 :: 0.018505 0.0180896 0.0194691 0.0186148 0.0179799 0.0191634 0.019665 0.0210915 0.00577644 0.0520351 0.00525131 0 0.00525131 0.0467446 0.0602412 0.0521448 0.0664331 0.0456864 0.0636742 0.0519254 0.0723428 0.0498875 0.0543159 0.0724995 0.073636 0.069576 
11 :: 0.00825206 0.00750188 0.00900225 0.00825206 0.00750188 0.00825206 0.00975244 0.00975244 0.00825206 0.0517629 0.00750188 0 0.00750188 0.0420105 0.0630158 0.0517629 0.072018 0.0652663 0.0690173 0.0517629 0.0795199 0.0712678 0.0525131 0.0780195 0.0802701 0.0802701 
11 :: 0.0424287 0.0427944 0.0438917 0.0427944 0.0424287 0.0446233 0.0427944 0.0475494 0 0.0526701 0 0 0 0.0577908 0.0537674 0.0530358 0.0534016 0 0.051207 0.0523043 0.0555962 0 0.0585223 0.0596196 0.0581565 0.0446233 
12 :: 0.00663793 0.00663793 0.00603448 0.00784483 0.00724138 0.00784483 0.00784483 0.00724138 0.00663793 0.0543103 0.00724138 0.00603448 0 0.0482759 0.0392241 0.0356034 0.0410345 0.0494828 0.0175 0.00905172 0.0639655 0.0452586 0.0561207 0.0609483 0.0374138 0.064569 
12 :: 0.00948276 0.00948276 0.00862069 0.0112069 0.0103448 0.0112069 0.0112069 0.0103448 0.00948276 0.0775862 0.0103448 0.00862069 0 0.0689655 0.0560345 0.0508621 0.0586207 0.0706897 0.025 0.012931 0.0913793 0.0646552 0.0801724 0.087069 0.0534483 0.0922414 
12 :: 0 0 0 0 0 0 0 0 0 0 0 0 0 0 0 0 0 0 0 0 0 0 0 0 0 0 
13 :: 0.0631255 0.0618711 0.0523566 0.0572019 0.0598155 0.0548356 0.0377197 0.0519411 0.0226537 0.0173571 0.0357929 0.0419398 0.036246 0 0.0176717 0.0186827 0.0500576 0.00588997 0.0167992 0.016904 0.0615526 0.00588997 0.0568576 0.0570001 0.0568576 0.0429805 
13 :: 0.0686084 0.0666667 0.0530744 0.0595469 0.0634304 0.0543689 0.0317152 0.0511327 0.0323625 0.00711974 0.0511327 0.036246 0.0517799 0 0.00711974 0.00841424 0.0491909 0.00841424 0.00647249 0.00647249 0.0686084 0.00841424 0.0569579 0.0556634 0.0569579 0.0401294 
13 :: 0.0503321 0.0506816 0.0506816 0.0517302 0.0513806 0.0559245 0.0517302 0.0538273 0 0.0412443 0 0.0552254 0 0 0.0422929 0.0426424 0.0520797 0 0.0408948 0.0412443 0.0450891 0 0.0566236 0.0601188 0.0566236 0.049633 
14 :: 0.0584943 0.0597991 0.0577416 0.059789 0.0540783 0.0595082 0.0483576 0.0543194 0.0414303 0.0171138 0.0293465 0.0524827 0.0280518 0.0181075 0 0.0171138 0.0264581 0.00561036 0.0166822 0.0179769 0.0592167 0.00474723 0.0488497 0.0563971 0.0548815 0.0534461 
14 :: 0.0622688 0.0635018 0.0610358 0.0641184 0.0554871 0.0610358 0.0474723 0.054254 0.0591862 0.00678175 0.0419236 0.0517879 0.040074 0.00678175 0 0.00678175 0.0160296 0.0080148 0.00616523 0.0080148 0.0653514 0.00678175 0.0443896 0.0554871 0.0536375 0.0536375 
14 :: 0.0496872 0.0511594 0.0500552 0.0496872 0.0507913 0.0559441 0.0504233 0.0544718 0 0.0412219 0 0.0541038 0 0.0445344 0 0.0412219 0.0507913 0 0.0412219 0.0412219 0.0449025 0 0.0592565 0.0585204 0.0577843 0.0529996 
15 :: 0.0570011 0.0592565 0.0605724 0.0603361 0.0583987 0.0548037 0.0521866 0.0471795 0.0390319 0.0179928 0.0356005 0.045671 0.0253064 0.0191015 0.017135 0 0.0495022 0.00557598 0.0175639 0.017135 0.059102 0.00514706 0.0536424 0.0419652 0.0543893 0.0464034 
15 :: 0.060049 0.0631127 0.0637255 0.0643382 0.0618873 0.0545343 0.0526961 0.0441176 0.0557598 0.00796569 0.0508578 0.0422794 0.036152 0.00796569 0.0067402 0 0.0490196 0.00796569 0.00735294 0.0067402 0.064951 0.00735294 0.0520833 0.0349265 0.0533088 0.0441176 
15 :: 0.0498891 0.0502587 0.0532151 0.0509978 0.0502587 0.0554324 0.0509978 0.0543237 0 0.0413895 0 0.0535846 0 0.045085 0.0413895 0 0.0506282 0 0.0413895 0.0413895 0.0454545 0 0.0572801 0.0583888 0.0569106 0.0517369 
16 :: 0.0495714 0.0493807 0.0505134 0.0526651 0.0505134 0.052022 0.0491796 0.0485934 0.033709 0.0471854 0.0311988 0.0491094 0.0243852 0.042239 0.0232024 0.0424666 0 0.0258197 0.0306326 0.0325262 0.0542742 0.00681352 0.0348962 0.0470756 0.0278815 0.0441458 
16 :: 0.0343238 0.0507172 0.0527664 0.0558402 0.0527664 0.0527664 0.0507172 0.0481557 0.0481557 0.0481557 0.0445697 0.0491803 0.0348361 0.0389344 0.0133197 0.0409836 0 0.0368852 0.0240779 0.0266393 0.0558402 0.00973361 0.0271516 0.0435451 0.017418 0.0425205 
16 :: 0.0851492 0.0462622 0.0452565 0.0452565 0.0452565 0.0502849 0.0455917 0.0496145 0 0.0449212 0 0.048944 0 0.0499497 0.0462622 0.0459269 0 0 0.0459269 0.0462622 0.0506202 0 0.0529668 0.0553134 0.0522963 0.0479383 
17 :: 0.0322124 0.0412979 0.039233 0.0417109 0.0429499 0.0429499 0.0433628 0.0384071 0.0359292 0.00454277 0.0355162 0.0359292 0.0338643 0.00536873 0.00536873 0.00536873 0.0297345 0 0.00495575 0.00702065 0.0437758 0.00412979 0.0334513 0.0256047 0.0359292 0.0313864 
17 :: 0.0460177 0.0589971 0.0560472 0.059587 0.0613569 0.0613569 0.0619469 0.0548673 0.0513274 0.00648968 0.0507375 0.0513274 0.0483776 0.00766962 0.00766962 0.00766962 0.0424779 0 0.00707965 0.0100295 0.0625369 0.00589971 0.0477876 0.0365782 0.0513274 0.0448378 
17 :: 0 0 0 0 0 0 0 0 0 0 0 0 0 0 0 0 0 0 0 0 0 0 0 0 0 0 
18 :: 0.0547432 0.0615493 0.0569077 0.0586393 0.0708795 0.0593779 0.0572341 0.0597112 0.04329 0.0163631 0.0281385 0.0547363 0.0125541 0.0167891 0.0162566 0.0171224 0.0349363 0.00519481 0 0.0176618 0.0598454 0.00519481 0.0452913 0.0501597 0.0396636 0.0577597 
18 :: 0.0575139 0.0661719 0.0606061 0.0630798 0.0624613 0.0624613 0.0612245 0.0636982 0.0618429 0.00618429 0.0401979 0.0568955 0.0179344 0.00618429 0.00618429 0.00742115 0.0290662 0.00742115 0 0.00803958 0.0661719 0.00742115 0.0408163 0.047619 0.0327767 0.0606061 
18 :: 0.0482783 0.0507632 0.0482783 0.0482783 0.0905218 0.0521832 0.0479233 0.0504082 0 0.0401136 0 0.0496983 0 0.0415335 0.0397586 0.0397586 0.0486333 0 0 0.0401136 0.0450834 0 0.055733 0.056088 0.055733 0.0511182 
19 :: 0.0246957 0.0600959 0.0612596 0.0596345 0.0628645 0.065924 0.0611492 0.0644494 0.0466051 0.0175436 0.0281477 0.047617 0.00692156 0.0176339 0.0183562 0.0174333 0.0392209 0.00784443 0.0184665 0 0.0630352 0.00553724 0.0499541 0.060808 0.0498438 0.0449587 
19 :: 0.0138431 0.063942 0.0659196 0.0632828 0.0678972 0.0705339 0.0659196 0.0692156 0.0665788 0.00725115 0.0402109 0.0454845 0.00988794 0.00659196 0.00856955 0.00725115 0.0342782 0.0112063 0.00856955 0 0.0698748 0.00791035 0.0461437 0.0619644 0.0461437 0.0415293 
19 :: 0.0500184 0.0511217 0.0503862 0.0511217 0.0511217 0.0551673 0.0500184 0.0533284 0 0.0415594 0 0.0525929 0 0.0433983 0.0411916 0.0411916 0.050754 0 0.0415594 0 0.0470761 0 0.0588452 0.0581096 0.0584774 0.0529606 
20 :: 0.055714 0.0418664 0.0420339 0.0426503 0.0419401 0.0544739 0.042275 0.0430054 0.0284808 0.0393328 0.0276969 0.0419603 0.0276969 0.039802 0.0391451 0.039239 0.0426503 0.0276969 0.0398756 0.0397082 0 0.0276969 0.0442658 0.0442124 0.0437432 0.042838 
20 :: 0.0403135 0.039567 0.0399403 0.0406868 0.0399403 0.0406868 0.0406868 0.0410601 0.0406868 0.039567 0.039567 0.039567 0.039567 0.039567 0.039567 0.039567 0.0406868 0.039567 0.0399403 0.039567 0 0.039567 0.0403135 0.039567 0.039567 0.0406868 
20 :: 0.0916484 0.0472318 0.046919 0.0472318 0.0466062 0.0866437 0.0459806 0.0475446 0 0.0387864 0 0.0475446 0 0.0403503 0.0381608 0.0384736 0.0472318 0 0.0397247 0.0400375 0 0 0.0534876 0.0550516 0.0534876 0.0478574 
21 :: 0.0444877 0.040856 0.0431258 0.040856 0.0440337 0.0426719 0.0481193 0.0476654 0.0485733 0.00499351 0.0404021 0.0431258 0.0340467 0.00590143 0.00499351 0.00544747 0.00862516 0.00453956 0.00544747 0.00544747 0.0481193 0 0.0367704 0.0354086 0.00590143 0.010441 
21 :: 0.0635538 0.0583658 0.0616083 0.0583658 0.0629053 0.0609598 0.0687419 0.0680934 0.0693904 0.00713359 0.0577173 0.0616083 0.0486381 0.00843061 0.00713359 0.0077821 0.0123217 0.00648508 0.0077821 0.0077821 0.0687419 0 0.0525292 0.0505837 0.00843061 0.0149157 
21 :: 0 0 0 0 0 0 0 0 0 0 0 0 0 0 0 0 0 0 0 0 0 0 0 0 0 0 
22 :: 0.0389249 0.0462421 0.0305065 0.0642197 0.04853 0.0530075 0.0521891 0.0532845 0.0380554 0.0479805 0.0387872 0.0402039 0.0340303 0.0469728 0.0410269 0.0452367 0.0338009 0.0296393 0.0384667 0.0402039 0.0551118 0.0296393 0 0.0176164 0.0170681 0.0192554 
22 :: 0.0355463 0.0454783 0.0224778 0.0517512 0.0491375 0.0533194 0.0543649 0.0548876 0.0543649 0.048092 0.0554104 0.0365917 0.0486147 0.046001 0.0376372 0.0444328 0.0277052 0.0423419 0.0345008 0.0365917 0.0564558 0.0423419 0 0.00784109 0.00731835 0.00679561 
22 :: 0.0468085 0.0480243 0.0492401 0.0933131 0.0471125 0.0522796 0.0471125 0.0495441 0 0.0477204 0 0.0486322 0 0.0492401 0.0489362 0.0471125 0.0480243 0 0.0477204 0.0486322 0.0519757 0 0 0.0404255 0.0398176 0.0483283 
23 :: 0.0274425 0.0390673 0.0453164 0.0493289 0.0528346 0.0524698 0.0528 0.0538233 0.0379364 0.028078 0.0390307 0.0532704 0.0368421 0.0475511 0.0477873 0.0356557 0.0465278 0.0226159 0.0429511 0.0491523 0.0552229 0.0284523 0.0179834 0 0.0169716 0.0208881 
23 :: 0.0182387 0.0328296 0.0437728 0.049505 0.0526316 0.0521105 0.0541949 0.054716 0.0541949 0.0192809 0.0557582 0.0541949 0.0526316 0.044815 0.0468994 0.029703 0.0442939 0.0323085 0.0401251 0.0489838 0.0552371 0.0406462 0.00781657 0 0.00677436 0.00833768 
23 :: 0.0489182 0.0536218 0.0489182 0.0489182 0.0533082 0.0533082 0.0495453 0.0517404 0 0.0486046 0 0.0511132 0 0.0539354 0.0498589 0.0495453 0.0517404 0 0.0495453 0.0495453 0.0551897 0 0.0417059 0 0.0407651 0.0501725 
24 :: 0.0369483 0.0320012 0.0373718 0.0481895 0.0404324 0.0536762 0.0582763 0.059085 0.0431942 0.0298839 0.0440411 0.0606246 0.0262553 0.0528675 0.0519625 0.0516736 0.0294221 0.0368421 0.0375644 0.0449561 0.0613568 0.00550514 0.018545 0.0180252 0 0.0212997 
24 :: 0.031458 0.0248034 0.0320629 0.0477919 0.0362976 0.0538415 0.061101 0.061706 0.061706 0.0217786 0.0629159 0.0647308 0.0375076 0.0532365 0.0526316 0.0526316 0.0205687 0.0526316 0.0320629 0.0423472 0.0641258 0.00786449 0.00846945 0.00786449 0 0.00786449 
24 :: 0.0497592 0.0487961 0.0497592 0.0491172 0.0500803 0.0532905 0.0516854 0.0529695 0 0.0487961 0 0.0510433 0 0.0520064 0.0504013 0.0494382 0.0500803 0 0.0504013 0.0510433 0.0548957 0 0.0420546 0.0417335 0 0.0526485 
25 :: 0.0226361 0.0263284 0.0263284 0.0259104 0.00668657 0.0259104 0.0413731 0.0595631 0.0434627 0.0463871 0.0434627 0.0631269 0.0447164 0.047339 0.0580886 0.0512163 0.056266 0.0317612 0.0626856 0.0480587 0.0686408 0.00961194 0.0294268 0.0308314 0.0301813 0 
25 :: 0.00776119 0.0376119 0.0376119 0.0370149 0.00955224 0.0370149 0.0591045 0.0602985 0.0620896 0.0352239 0.0620896 0.0638806 0.0638806 0.0370149 0.0519403 0.0429851 0.0495522 0.0453731 0.0585075 0.0376119 0.0650746 0.0137313 0.00776119 0.00955224 0.00776119 0 
25 :: 0.0573441 0 0 0 0 0 0 0.0578471 0 0.0724346 0 0.0613682 0 0.0714286 0.0724346 0.0704225 0.0719316 0 0.0724346 0.0724346 0.0769618 0 0.0799799 0.0804829 0.082495 0 

Nodes
3 4 5 6 7 9 10 11 12 13 14 15 16 17 18 19 22 24 27 28 29 32 33 37 38 40 
csews3 csews4 csews5 csews6 csews7 csews9 csews10 csews11 csews12 csews13 csews14 csews15 csews16 csews17 csews18 csews19 csews22 csews24 csews27 csews28 csews29 csews32 csews33 csews37 csews38 csews40 
Computation, Network each node star:

3 || 0.0274485 || 9.125 || 0
4 || 0.0332517 || 9.125 || 0
5 || 0.0275098 || 8.625 || 0
6 || 0.0319948 || 8.875 || 0
7 || 0.0267968 || 8.625 || 0
9 || 0.030856 || 8.625 || 0
10 || 0.0268006 || 8.625 || 0
11 || 0.0269493 || 8.75 || 0
12 || 0.0153163 || 7.875 || 44
13 || 0.0252452 || 8.25 || 14.125
14 || 0.016959 || 8.25 || 43.625
15 || 0.0304183 || 8.25 || 0
16 || 0.0239062 || 8.125 || 43.625
17 || 0.0403529 || 8.75 || 14.625
18 || 0.0241812 || 8.5 || 14
19 || 0.0297336 || 8.75 || 14
22 || 0.0387677 || 33 || 17.25
24 || 0.0252452 || 8.25 || 14.125
27 || 0.0391232 || 27.5 || 0
28 || 0.0471616 || 26.375 || 0
29 || 0.132136 || 62.25 || 0
32 || 0.024162 || 8.375 || 14
33 || 0.0255567 || 10.5 || 109.625
37 || 0.0255567 || 10.5 || 109.625
38 || 0.0333987 || 26.75 || 49.25
40 || 0.0227096 || 32.375 || 28.375
Min Load:0.0204752 7
Computation, Network each node star:

3 || 0.0054539 || 8.375 || 42.25
4 || 0.0112571 || 8 || 43.25
5 || 0.00551528 || 8.5 || 42.125
6 || 0.0100002 || 8 || 42
7 || 0.00495474 || 8.25 || 44.125
9 || 0.0088614 || 8.25 || 42.75
10 || 0.00495474 || 8.25 || 44.125
11 || 0.00495474 || 8.25 || 44.125
12 || 0.00495474 || 8.25 || 44.125
13 || 0.0118867 || 8.375 || 42.125
14 || 0.0126536 || 8.25 || 14
15 || 0.00842369 || 8.25 || 43.125
16 || 0.0190979 || 8.375 || 15
17 || 0.0199118 || 7.875 || 86.625
18 || 0.0118867 || 8.375 || 42.125
19 || 0.0103757 || 8.375 || 84.125
22 || 0.0196971 || 22.5 || 48.375
24 || 0.0118867 || 8.375 || 42.125
27 || 0.0118867 || 8.375 || 42.125
28 || 0.0128616 || 8.5 || 84.375
29 || 0.102815 || 44.625 || 51
32 || 0.0170985 || 8.125 || 42.125
33 || 0.0143379 || 20 || 109.5
37 || 0.0143379 || 20 || 109.5
38 || 0.0255567 || 10.5 || 109.625
40 || 0.0101715 || 21 || 28.375
Min Load:0.0237528 7

Allocated Nodes
csews7:4
csews12:4
csews14:4
csews16:4


Allocated Nodes
csews7:4
csews12:4
csews10:4
csews11:4


NODES ALLOCATION WITH MAX COMPUTE
csews18
csews7
csews10
csews12

